{
 "cells": [
  {
   "metadata": {
    "ExecuteTime": {
     "end_time": "2025-01-06T18:42:51.326587Z",
     "start_time": "2025-01-06T18:42:51.311963Z"
    }
   },
   "cell_type": "code",
   "source": [
    "%load_ext autoreload\n",
    "%autoreload 2\n"
   ],
   "id": "2db94af80e6a415b",
   "outputs": [],
   "execution_count": 1
  },
  {
   "cell_type": "code",
   "id": "initial_id",
   "metadata": {
    "collapsed": true,
    "ExecuteTime": {
     "end_time": "2025-01-06T18:04:43.525294Z",
     "start_time": "2025-01-06T18:04:38.959936Z"
    }
   },
   "source": [
    "\n",
    "import os\n",
    "import tarfile\n",
    "\n",
    "import pandas as pd\n",
    "\n",
    "'''\n",
    "On crée un dict de dict dans ce format :\n",
    "\n",
    "{ index_name : {type : path} }\n",
    "exemple : \\\n",
    "    {'AIR.PA': {'trade': 'TRTH/raw/trade/AIR.PA', 'bbo': 'TRTH/raw/bbo/AIR.PA'},\n",
    " 'VIE.PA': {'trade': 'TRTH/raw/trade/VIE.PA', 'bbo': 'TRTH/raw/bbo/VIE.PA'}}\n",
    " \n",
    "'''\n",
    "\n",
    "indexes = set()\n",
    "parent_dir = 'FR_2007'\n",
    "index_to_files = {}\n",
    "\n",
    "\n",
    "for entry in os.listdir(parent_dir):    \n",
    "   with tarfile.open(f'{parent_dir}/{entry}', 'r') as tar:\n",
    "       for member in tar.getmembers(): \n",
    "           day_data = (member.name)\n",
    "           index = day_data.split('/')[7]\n",
    "           file = '/'.join(day_data.split('/')[:7]) + '/'\n",
    "           type = day_data.split('/')[6]\n",
    "           if (day_data.split('.')[-1]) == 'parquet' and type == 'trade': \n",
    "               #print(index,file,type,day_data)\n",
    "                df  = pd.read_parquet(tar.extractfile(day_data))\n",
    "                if ('/'.join(day_data.split('/')[-1].split('-')[:3])) == '2007/02/04':\n",
    "                    df2 = df"
   ],
   "outputs": [],
   "execution_count": 21
  },
  {
   "metadata": {
    "ExecuteTime": {
     "end_time": "2025-01-06T18:43:02.109478Z",
     "start_time": "2025-01-06T18:42:53.370159Z"
    }
   },
   "cell_type": "code",
   "source": [
    "import src.types as tp\n",
    "\n",
    "market = tp.Market('2007/02/05','2007/02/07','FR_2007')\n"
   ],
   "id": "6dd384e22045212",
   "outputs": [
    {
     "name": "stderr",
     "output_type": "stream",
     "text": [
      "100%|██████████| 46/46 [00:07<00:00,  5.76it/s]\n"
     ]
    }
   ],
   "execution_count": 2
  },
  {
   "metadata": {
    "ExecuteTime": {
     "end_time": "2025-01-06T18:43:02.992252Z",
     "start_time": "2025-01-06T18:43:02.973950Z"
    }
   },
   "cell_type": "code",
   "source": "len(market.tick_data)",
   "id": "9d72f8fae8e2fc28",
   "outputs": [
    {
     "data": {
      "text/plain": [
       "257862"
      ]
     },
     "execution_count": 3,
     "metadata": {},
     "output_type": "execute_result"
    }
   ],
   "execution_count": 3
  },
  {
   "metadata": {
    "ExecuteTime": {
     "end_time": "2025-01-06T18:55:50.347994Z",
     "start_time": "2025-01-06T18:55:49.602987Z"
    }
   },
   "cell_type": "code",
   "source": "market.compute_correlation_matrix(1200).data",
   "id": "bb149e9db95902fe",
   "outputs": [
    {
     "data": {
      "text/plain": [
       "array([[1.        , 0.66979902, 0.71033221, 0.59121101, 0.76268572,\n",
       "        0.71222097, 0.69695606, 0.67971927, 0.56442576, 0.58937156,\n",
       "        0.7698892 , 0.75950788, 0.48405453, 0.48712994, 0.601385  ,\n",
       "        0.34704621, 0.64704279, 0.22092763, 0.57996522, 0.64632053,\n",
       "        0.75757921, 0.7318217 , 0.65098927, 0.74830392, 0.46220032],\n",
       "       [0.66979902, 1.        , 0.55523031, 0.71134548, 0.84857533,\n",
       "        0.6949442 , 0.52461902, 0.7578479 , 0.61011883, 0.63225309,\n",
       "        0.75969019, 0.62850975, 0.39773808, 0.53117349, 0.82407129,\n",
       "        0.74336158, 0.70217086, 0.18145236, 0.62754597, 0.68622011,\n",
       "        0.80126822, 0.70394485, 0.68899145, 0.8013368 , 0.57572649],\n",
       "       [0.71033221, 0.55523031, 1.        , 0.61726181, 0.60935814,\n",
       "        0.70780008, 0.64056397, 0.56915878, 0.55695053, 0.60698452,\n",
       "        0.63210734, 0.60841016, 0.47622792, 0.51691898, 0.54586763,\n",
       "        0.26090049, 0.50270876, 0.1467826 , 0.54999882, 0.58812141,\n",
       "        0.74028608, 0.75779154, 0.6217259 , 0.57498941, 0.49787146],\n",
       "       [0.59121101, 0.71134548, 0.61726181, 1.        , 0.74339683,\n",
       "        0.64892428, 0.51467131, 0.71528484, 0.49317428, 0.56664627,\n",
       "        0.77644075, 0.49829248, 0.41184697, 0.62456283, 0.73564916,\n",
       "        0.43553866, 0.50273749, 0.11927345, 0.49024968, 0.70123775,\n",
       "        0.73246754, 0.62574348, 0.73136634, 0.60007441, 0.48978366],\n",
       "       [0.76268572, 0.84857533, 0.60935814, 0.74339683, 1.        ,\n",
       "        0.72971947, 0.62842475, 0.77961547, 0.52469519, 0.768726  ,\n",
       "        0.76073274, 0.65322875, 0.51609186, 0.5737813 , 0.74344897,\n",
       "        0.62192282, 0.76676628, 0.12043405, 0.55074855, 0.75141541,\n",
       "        0.81987625, 0.75606643, 0.76098022, 0.82243853, 0.53087651],\n",
       "       [0.71222097, 0.6949442 , 0.70780008, 0.64892428, 0.72971947,\n",
       "        1.        , 0.5125416 , 0.73926194, 0.58054156, 0.63530028,\n",
       "        0.75952282, 0.68527125, 0.54179567, 0.585796  , 0.64532987,\n",
       "        0.26656522, 0.71050803, 0.3539439 , 0.71191121, 0.77564032,\n",
       "        0.82183316, 0.81419884, 0.68829861, 0.63851291, 0.49492471],\n",
       "       [0.69695606, 0.52461902, 0.64056397, 0.51467131, 0.62842475,\n",
       "        0.5125416 , 1.        , 0.59902739, 0.71992828, 0.55747459,\n",
       "        0.66098921, 0.67105305, 0.72914696, 0.60962073, 0.55030574,\n",
       "        0.23464406, 0.50266429, 0.12838994, 0.41697953, 0.58899818,\n",
       "        0.66528484, 0.50147626, 0.57544261, 0.52346815, 0.41931614],\n",
       "       [0.67971927, 0.7578479 , 0.56915878, 0.71528484, 0.77961547,\n",
       "        0.73926194, 0.59902739, 1.        , 0.55533056, 0.56195176,\n",
       "        0.72150036, 0.68827742, 0.4886631 , 0.51584019, 0.81201094,\n",
       "        0.493836  , 0.49118105, 0.53758617, 0.78885837, 0.76081278,\n",
       "        0.74909542, 0.69399405, 0.57630735, 0.6579591 , 0.36045442],\n",
       "       [0.56442576, 0.61011883, 0.55695053, 0.49317428, 0.52469519,\n",
       "        0.58054156, 0.71992828, 0.55533056, 1.        , 0.57676775,\n",
       "        0.6767411 , 0.56515161, 0.5245245 , 0.5258719 , 0.58294769,\n",
       "        0.35869343, 0.58612765, 0.19581393, 0.48280695, 0.56277499,\n",
       "        0.65043151, 0.49585553, 0.45148937, 0.48798871, 0.4285782 ],\n",
       "       [0.58937156, 0.63225309, 0.60698452, 0.56664627, 0.768726  ,\n",
       "        0.63530028, 0.55747459, 0.56195176, 0.57676775, 1.        ,\n",
       "        0.64814645, 0.49594461, 0.40414376, 0.52100379, 0.56359613,\n",
       "        0.34864571, 0.81773649, 0.05623077, 0.50348134, 0.65629061,\n",
       "        0.76844724, 0.63176582, 0.65734775, 0.5775074 , 0.49280331],\n",
       "       [0.7698892 , 0.75969019, 0.63210734, 0.77644075, 0.76073274,\n",
       "        0.75952282, 0.66098921, 0.72150036, 0.6767411 , 0.64814645,\n",
       "        1.        , 0.81646638, 0.46509981, 0.65735   , 0.75919067,\n",
       "        0.3850646 , 0.68226937, 0.22444531, 0.6329832 , 0.66036914,\n",
       "        0.81115002, 0.67630405, 0.8096085 , 0.81884866, 0.57898423],\n",
       "       [0.75950788, 0.62850975, 0.60841016, 0.49829248, 0.65322875,\n",
       "        0.68527125, 0.67105305, 0.68827742, 0.56515161, 0.49594461,\n",
       "        0.81646638, 1.        , 0.59835242, 0.49936302, 0.68680925,\n",
       "        0.28941806, 0.57249694, 0.31102626, 0.63764597, 0.59900738,\n",
       "        0.68113133, 0.5581548 , 0.64524621, 0.74465379, 0.43601415],\n",
       "       [0.48405453, 0.39773808, 0.47622792, 0.41184697, 0.51609186,\n",
       "        0.54179567, 0.72914696, 0.4886631 , 0.5245245 , 0.40414376,\n",
       "        0.46509981, 0.59835242, 1.        , 0.35417179, 0.46268432,\n",
       "        0.14252537, 0.41640218, 0.03727961, 0.25164296, 0.56139983,\n",
       "        0.45902156, 0.39460033, 0.42313009, 0.33290314, 0.33389821],\n",
       "       [0.48712994, 0.53117349, 0.51691898, 0.62456283, 0.5737813 ,\n",
       "        0.585796  , 0.60962073, 0.51584019, 0.5258719 , 0.52100379,\n",
       "        0.65735   , 0.49936302, 0.35417179, 1.        , 0.52639629,\n",
       "        0.25923554, 0.50079366, 0.08230487, 0.43686323, 0.61478719,\n",
       "        0.64568934, 0.54662216, 0.66528462, 0.53333225, 0.3597889 ],\n",
       "       [0.601385  , 0.82407129, 0.54586763, 0.73564916, 0.74344897,\n",
       "        0.64532987, 0.55030574, 0.81201094, 0.58294769, 0.56359613,\n",
       "        0.75919067, 0.68680925, 0.46268432, 0.52639629, 1.        ,\n",
       "        0.64556634, 0.56947099, 0.4424965 , 0.74448669, 0.60792852,\n",
       "        0.70500598, 0.63795584, 0.65101552, 0.65616866, 0.41994939],\n",
       "       [0.34704621, 0.74336158, 0.26090049, 0.43553866, 0.62192282,\n",
       "        0.26656522, 0.23464406, 0.493836  , 0.35869343, 0.34864571,\n",
       "        0.3850646 , 0.28941806, 0.14252537, 0.25923554, 0.64556634,\n",
       "        1.        , 0.41260601, 0.00366659, 0.2673981 , 0.34064882,\n",
       "        0.37510216, 0.45799952, 0.30353386, 0.66184588, 0.32817977],\n",
       "       [0.64704279, 0.70217086, 0.50270876, 0.50273749, 0.76676628,\n",
       "        0.71050803, 0.50266429, 0.49118105, 0.58612765, 0.81773649,\n",
       "        0.68226937, 0.57249694, 0.41640218, 0.50079366, 0.56947099,\n",
       "        0.41260601, 1.        , 0.03259659, 0.47052313, 0.61916996,\n",
       "        0.76682112, 0.61370546, 0.68266285, 0.66244021, 0.51292334],\n",
       "       [0.22092763, 0.18145236, 0.1467826 , 0.11927345, 0.12043405,\n",
       "        0.3539439 , 0.12838994, 0.53758617, 0.19581393, 0.05623077,\n",
       "        0.22444531, 0.31102626, 0.03727961, 0.08230487, 0.4424965 ,\n",
       "        0.00366659, 0.03259659, 1.        , 0.80316602, 0.18158029,\n",
       "        0.18425225, 0.21130256, 0.09876253, 0.07225471, 0.04726719],\n",
       "       [0.57996522, 0.62754597, 0.54999882, 0.49024968, 0.55074855,\n",
       "        0.71191121, 0.41697953, 0.78885837, 0.48280695, 0.50348134,\n",
       "        0.6329832 , 0.63764597, 0.25164296, 0.43686323, 0.74448669,\n",
       "        0.2673981 , 0.47052313, 0.80316602, 1.        , 0.57990856,\n",
       "        0.63793158, 0.64658592, 0.57348973, 0.5058898 , 0.36457278],\n",
       "       [0.64632053, 0.68622011, 0.58812141, 0.70123775, 0.75141541,\n",
       "        0.77564032, 0.58899818, 0.76081278, 0.56277499, 0.65629061,\n",
       "        0.66036914, 0.59900738, 0.56139983, 0.61478719, 0.60792852,\n",
       "        0.34064882, 0.61916996, 0.18158029, 0.57990856, 1.        ,\n",
       "        0.70308574, 0.65701485, 0.72382842, 0.58683093, 0.39025833],\n",
       "       [0.75757921, 0.80126822, 0.74028608, 0.73246754, 0.81987625,\n",
       "        0.82183316, 0.66528484, 0.74909542, 0.65043151, 0.76844724,\n",
       "        0.81115002, 0.68113133, 0.45902156, 0.64568934, 0.70500598,\n",
       "        0.37510216, 0.76682112, 0.18425225, 0.63793158, 0.70308574,\n",
       "        1.        , 0.77447472, 0.73511478, 0.70180729, 0.50642605],\n",
       "       [0.7318217 , 0.70394485, 0.75779154, 0.62574348, 0.75606643,\n",
       "        0.81419884, 0.50147626, 0.69399405, 0.49585553, 0.63176582,\n",
       "        0.67630405, 0.5581548 , 0.39460033, 0.54662216, 0.63795584,\n",
       "        0.45799952, 0.61370546, 0.21130256, 0.64658592, 0.65701485,\n",
       "        0.77447472, 1.        , 0.70173536, 0.68804405, 0.44304814],\n",
       "       [0.65098927, 0.68899145, 0.6217259 , 0.73136634, 0.76098022,\n",
       "        0.68829861, 0.57544261, 0.57630735, 0.45148937, 0.65734775,\n",
       "        0.8096085 , 0.64524621, 0.42313009, 0.66528462, 0.65101552,\n",
       "        0.30353386, 0.68266285, 0.09876253, 0.57348973, 0.72382842,\n",
       "        0.73511478, 0.70173536, 1.        , 0.7412124 , 0.51052065],\n",
       "       [0.74830392, 0.8013368 , 0.57498941, 0.60007441, 0.82243853,\n",
       "        0.63851291, 0.52346815, 0.6579591 , 0.48798871, 0.5775074 ,\n",
       "        0.81884866, 0.74465379, 0.33290314, 0.53333225, 0.65616866,\n",
       "        0.66184588, 0.66244021, 0.07225471, 0.5058898 , 0.58683093,\n",
       "        0.70180729, 0.68804405, 0.7412124 , 1.        , 0.50460306],\n",
       "       [0.46220032, 0.57572649, 0.49787146, 0.48978366, 0.53087651,\n",
       "        0.49492471, 0.41931614, 0.36045442, 0.4285782 , 0.49280331,\n",
       "        0.57898423, 0.43601415, 0.33389821, 0.3597889 , 0.41994939,\n",
       "        0.32817977, 0.51292334, 0.04726719, 0.36457278, 0.39025833,\n",
       "        0.50642605, 0.44304814, 0.51052065, 0.50460306, 1.        ]])"
      ]
     },
     "execution_count": 17,
     "metadata": {},
     "output_type": "execute_result"
    }
   ],
   "execution_count": 17
  },
  {
   "metadata": {
    "ExecuteTime": {
     "end_time": "2025-01-06T18:05:12.671046Z",
     "start_time": "2025-01-06T18:05:12.668771Z"
    }
   },
   "cell_type": "code",
   "source": "periods[0].start",
   "id": "50babf6daddbe9f9",
   "outputs": [
    {
     "data": {
      "text/plain": [
       "datetime.datetime(2007, 2, 6, 8, 0)"
      ]
     },
     "execution_count": 26,
     "metadata": {},
     "output_type": "execute_result"
    }
   ],
   "execution_count": 26
  },
  {
   "metadata": {
    "ExecuteTime": {
     "end_time": "2025-01-06T18:33:11.188929Z",
     "start_time": "2025-01-06T18:33:11.133290Z"
    }
   },
   "cell_type": "code",
   "source": "periods[4].fv",
   "id": "397d934bb157c58b",
   "outputs": [
    {
     "name": "stdout",
     "output_type": "stream",
     "text": [
      "[[None None np.float64(0.04999999999999716)\n",
      "  np.float64(0.9910011248593926)]\n",
      " [None None np.float64(0.04999999999999716)\n",
      "  np.float64(0.9932432432432432)]\n",
      " [None None np.float64(0.04999999999999716)\n",
      "  np.float64(0.9942748091603053)]\n",
      " ...\n",
      " [96.15 30 None None]\n",
      " [96.15 90 None None]\n",
      " [None None np.float64(0.05000000000001137)\n",
      "  np.float64(-0.43763837638376385)]]\n",
      "485\n",
      "485\n",
      "485\n",
      "485\n",
      "485\n",
      "485\n",
      "485\n",
      "485\n",
      "[[None None np.float64(0.020000000000003126)\n",
      "  np.float64(0.27875042911088227)]\n",
      " [None None np.float64(0.020000000000003126)\n",
      "  np.float64(0.28825234313245757)]\n",
      " [None None np.float64(0.020000000000003126)\n",
      "  np.float64(0.28847058823529415)]\n",
      " ...\n",
      " [33.29 360 None None]\n",
      " [None None np.float64(0.00999999999999801)\n",
      "  np.float64(-0.9280936454849499)]\n",
      " [None None np.float64(0.00999999999999801)\n",
      "  np.float64(-0.9216043755697356)]]\n",
      "1471\n",
      "1471\n",
      "1471\n",
      "1471\n",
      "1471\n",
      "1471\n",
      "1471\n",
      "1471\n",
      "[[48.56 8 None None]\n",
      " [48.56 374 None None]\n",
      " [48.56 100 None None]\n",
      " ...\n",
      " [48.57 10 None None]\n",
      " [None None np.float64(0.030000000000001137)\n",
      "  np.float64(0.2551772551772552)]\n",
      " [None None np.float64(0.030000000000001137)\n",
      "  np.float64(0.13812858052196053)]]\n",
      "971\n",
      "971\n",
      "971\n",
      "971\n",
      "971\n",
      "971\n",
      "971\n",
      "971\n",
      "[[None None np.float64(0.09999999999999432)\n",
      "  np.float64(-0.6723438767234388)]\n",
      " [189.5 191 None None]\n",
      " [189.5 1 None None]\n",
      " ...\n",
      " [190.0 30 None None]\n",
      " [190.0 167 None None]\n",
      " [None None np.float64(0.09999999999999432)\n",
      "  np.float64(0.9803829985987856)]]\n",
      "1001\n",
      "1001\n",
      "1001\n",
      "1001\n",
      "1001\n",
      "1001\n",
      "1001\n",
      "1001\n",
      "[[None None np.float64(0.03999999999999915)\n",
      "  np.float64(-0.40825688073394495)]\n",
      " [None None np.float64(0.03999999999999915)\n",
      "  np.float64(-0.31196581196581197)]\n",
      " [33.13 1466 None None]\n",
      " ...\n",
      " [33.16 52 None None]\n",
      " [None None np.float64(0.020000000000003126)\n",
      "  np.float64(-0.5786008230452675)]\n",
      " [None None np.float64(0.020000000000003126)\n",
      "  np.float64(-0.504313725490196)]]\n",
      "1177\n",
      "1177\n",
      "1177\n",
      "1177\n",
      "1177\n",
      "1177\n",
      "1177\n",
      "1177\n",
      "[[None None np.float64(0.19999999999998863) np.float64(0.279445727482679)]\n",
      " [None None np.float64(0.09999999999999432)\n",
      "  np.float64(-0.41389728096676737)]\n",
      " [None None np.float64(0.09999999999999432)\n",
      "  np.float64(-0.25806451612903225)]\n",
      " ...\n",
      " [None None np.float64(0.09999999999999432)\n",
      "  np.float64(0.011494252873563218)]\n",
      " [None None np.float64(0.09999999999999432)\n",
      "  np.float64(0.38898756660746003)]\n",
      " [None None np.float64(0.09999999999999432)\n",
      "  np.float64(-0.264346190028222)]]\n",
      "759\n",
      "759\n",
      "759\n",
      "759\n",
      "759\n",
      "759\n",
      "759\n",
      "759\n",
      "[[None None np.float64(0.19999999999998863)\n",
      "  np.float64(0.34044616876818623)]\n",
      " [179.8 183 None None]\n",
      " [179.8 146 None None]\n",
      " ...\n",
      " [None None np.float64(0.09999999999999432)\n",
      "  np.float64(-0.8519704433497537)]\n",
      " [180.0 7 None None]\n",
      " [None None np.float64(0.09999999999999432)\n",
      "  np.float64(-0.757802454704851)]]\n",
      "480\n",
      "480\n",
      "480\n",
      "480\n",
      "480\n",
      "480\n",
      "480\n",
      "480\n",
      "[[None None np.float64(0.05000000000000426)\n",
      "  np.float64(0.5584117512049576)]\n",
      " [None None np.float64(0.05000000000000426)\n",
      "  np.float64(0.5234462643033431)]\n",
      " [60.7 900 None None]\n",
      " [None None np.float64(0.05000000000000426)\n",
      "  np.float64(0.40286758504357606)]\n",
      " [60.7 325 None None]\n",
      " [None None np.float64(0.05000000000000426)\n",
      "  np.float64(0.4929480564155487)]\n",
      " [None None np.float64(0.05000000000000426)\n",
      "  np.float64(0.3453192808431494)]\n",
      " [60.7 2923 None None]\n",
      " [60.7 54 None None]\n",
      " [60.7 76 None None]\n",
      " [60.7 40 None None]\n",
      " [60.7 35 None None]\n",
      " [60.7 96 None None]\n",
      " [60.7 717 None None]\n",
      " [60.7 506 None None]\n",
      " [60.7 190 None None]\n",
      " [None None np.float64(0.05000000000000426)\n",
      "  np.float64(0.37524177949709864)]\n",
      " [None None np.float64(0.05000000000000426)\n",
      "  np.float64(0.32690513219284606)]\n",
      " [None None np.float64(0.05000000000000426)\n",
      "  np.float64(0.23831640058055154)]\n",
      " [None None np.float64(0.05000000000000426)\n",
      "  np.float64(0.03922046285018271)]\n",
      " [None None np.float64(0.05000000000000426)\n",
      "  np.float64(0.022531160115052733)]\n",
      " [60.65 400 None None]\n",
      " [60.65 150 None None]\n",
      " [60.65 149 None None]\n",
      " [60.65 319 None None]\n",
      " [60.65 113 None None]\n",
      " [60.65 230 None None]\n",
      " [60.65 660 None None]\n",
      " [60.65 67 None None]\n",
      " [None None np.float64(0.04999999999999716)\n",
      "  np.float64(-0.824793388429752)]\n",
      " [60.65 131 None None]\n",
      " [None None np.float64(0.04999999999999716)\n",
      "  np.float64(-0.9292267365661862)]\n",
      " [60.65 81 None None]\n",
      " [None None np.float64(0.10000000000000142)\n",
      "  np.float64(-0.017277125086385625)]\n",
      " [60.7 17 None None]\n",
      " [None None np.float64(0.10000000000000142)\n",
      "  np.float64(-0.02127659574468085)]\n",
      " [None None np.float64(0.05000000000000426) np.float64(0.716139497161395)]\n",
      " [None None np.float64(0.10000000000000142)\n",
      "  np.float64(-0.02127659574468085)]\n",
      " [None None np.float64(0.10000000000000142)\n",
      "  np.float64(-0.09008815308535799)]\n",
      " [None None np.float64(0.04999999999999716)\n",
      "  np.float64(-0.6776968894771674)]\n",
      " [None None np.float64(0.04999999999999716)\n",
      "  np.float64(-0.7050272562083586)]\n",
      " [None None np.float64(0.04999999999999716)\n",
      "  np.float64(-0.7178447276940904)]\n",
      " [None None np.float64(0.04999999999999716)\n",
      "  np.float64(-0.6967095851216023)]\n",
      " [None None np.float64(0.04999999999999716)\n",
      "  np.float64(-0.7051460361613352)]\n",
      " [None None np.float64(0.04999999999999716)\n",
      "  np.float64(-0.7128927410617552)]\n",
      " [None None np.float64(0.04999999999999716)\n",
      "  np.float64(-0.6990865126276196)]\n",
      " [None None np.float64(0.04999999999999716)\n",
      "  np.float64(-0.6910344827586207)]\n",
      " [None None np.float64(0.04999999999999716)\n",
      "  np.float64(-0.7078006783198539)]\n",
      " [None None np.float64(0.04999999999999716)\n",
      "  np.float64(-0.6079587324981577)]\n",
      " [None None np.float64(0.04999999999999716)\n",
      "  np.float64(-0.611489776046738)]\n",
      " [None None np.float64(0.04999999999999716)\n",
      "  np.float64(-0.5982617093191694)]\n",
      " [None None np.float64(0.04999999999999716)\n",
      "  np.float64(-0.569135163127913)]\n",
      " [None None np.float64(0.04999999999999716)\n",
      "  np.float64(-0.3691821057388161)]\n",
      " [None None np.float64(0.04999999999999716)\n",
      "  np.float64(-0.3797814207650273)]\n",
      " [None None np.float64(0.04999999999999716)\n",
      "  np.float64(-0.3321609144867004)]\n",
      " [None None np.float64(0.04999999999999716)\n",
      "  np.float64(-0.3205491392460231)]\n",
      " [None None np.float64(0.04999999999999716)\n",
      "  np.float64(-0.33744156396090097)]\n",
      " [None None np.float64(0.04999999999999716)\n",
      "  np.float64(-0.35122763212650854)]\n",
      " [None None np.float64(0.04999999999999716)\n",
      "  np.float64(-0.33744156396090097)]\n",
      " [60.65 150 None None]\n",
      " [None None np.float64(0.04999999999999716)\n",
      "  np.float64(-0.3604176123467998)]\n",
      " [None None np.float64(0.04999999999999716) np.float64(-0.35)]\n",
      " [None None np.float64(0.04999999999999716)\n",
      "  np.float64(-0.3994863413495214)]\n",
      " [None None np.float64(0.04999999999999716)\n",
      "  np.float64(-0.6117235816079591)]\n",
      " [None None np.float64(0.04999999999999716)\n",
      "  np.float64(-0.44329400433421623)]\n",
      " [None None np.float64(0.04999999999999716)\n",
      "  np.float64(-0.45520757465404227)]\n",
      " [None None np.float64(0.04999999999999716)\n",
      "  np.float64(-0.44329400433421623)]\n",
      " [None None np.float64(0.04999999999999716)\n",
      "  np.float64(-0.6117235816079591)]\n",
      " [None None np.float64(0.04999999999999716)\n",
      "  np.float64(-0.7219189887963229)]\n",
      " [None None np.float64(0.04999999999999716)\n",
      "  np.float64(-0.7370279815267591)]\n",
      " [None None np.float64(0.04999999999999716)\n",
      "  np.float64(-0.7586636748940414)]\n",
      " [None None np.float64(0.04999999999999716)\n",
      "  np.float64(-0.5959276018099547)]\n",
      " [None None np.float64(0.04999999999999716)\n",
      "  np.float64(-0.3581055063534848)]\n",
      " [None None np.float64(0.04999999999999716)\n",
      "  np.float64(-0.3145559210526316)]\n",
      " [None None np.float64(0.04999999999999716)\n",
      "  np.float64(-0.32545605306799336)]\n",
      " [None None np.float64(0.04999999999999716)\n",
      "  np.float64(-0.3373771177577913)]\n",
      " [60.6 41 None None]\n",
      " [None None np.float64(0.04999999999999716)\n",
      "  np.float64(-0.31912225705329156)]\n",
      " [None None np.float64(0.04999999999999716)\n",
      "  np.float64(-0.5736724008975318)]\n",
      " [None None np.float64(0.04999999999999716)\n",
      "  np.float64(-0.5662531017369727)]\n",
      " [None None np.float64(0.04999999999999716) np.float64(-0.6)]\n",
      " [None None np.float64(0.04999999999999716)\n",
      "  np.float64(-0.37692004726270184)]\n",
      " [None None np.float64(0.04999999999999716)\n",
      "  np.float64(-0.40992167101827676)]\n",
      " [None None np.float64(0.04999999999999716)\n",
      "  np.float64(-0.42220598977355733)]\n",
      " [None None np.float64(0.04999999999999716)\n",
      "  np.float64(-0.4339900570797275)]\n",
      " [60.6 44 None None]\n",
      " [None None np.float64(0.04999999999999716)\n",
      "  np.float64(-0.4293669946166698)]\n",
      " [None None np.float64(0.04999999999999716)\n",
      "  np.float64(-0.429101707498144)]\n",
      " [None None np.float64(0.04999999999999716)\n",
      "  np.float64(-0.4043406894036112)]\n",
      " [None None np.float64(0.04999999999999716)\n",
      "  np.float64(-0.4045968624589566)]\n",
      " [60.6 1 None None]\n",
      " [None None np.float64(0.04999999999999716)\n",
      "  np.float64(-0.40448823207443896)]\n",
      " [60.65 337 None None]\n",
      " [60.65 30 None None]\n",
      " [60.65 34 None None]\n",
      " [60.65 409 None None]\n",
      " [60.65 19 None None]\n",
      " [60.65 708 None None]\n",
      " [60.65 95 None None]\n",
      " [None None np.float64(0.05000000000000426)\n",
      "  np.float64(0.9566003616636528)]\n",
      " [None None np.float64(0.05000000000000426)\n",
      "  np.float64(0.8993563487419544)]\n",
      " [None None np.float64(0.05000000000000426)\n",
      "  np.float64(0.8496503496503497)]\n",
      " [None None np.float64(0.05000000000000426)\n",
      "  np.float64(0.4022531477799867)]\n",
      " [None None np.float64(0.05000000000000426)\n",
      "  np.float64(0.3069796170475602)]\n",
      " [60.7 64 None None]\n",
      " [None None np.float64(0.05000000000000426)\n",
      "  np.float64(0.29300567107750475)]\n",
      " [None None np.float64(0.05000000000000426)\n",
      "  np.float64(0.24817518248175183)]\n",
      " [None None np.float64(0.05000000000000426)\n",
      "  np.float64(0.29300567107750475)]\n",
      " [60.7 114 None None]\n",
      " [None None np.float64(0.05000000000000426)\n",
      "  np.float64(0.26666666666666666)]\n",
      " [None None np.float64(0.05000000000000426) np.float64(0.258850276063657)]\n",
      " [None None np.float64(0.05000000000000426)\n",
      "  np.float64(0.18206770356816102)]\n",
      " [60.7 327 None None]\n",
      " [None None np.float64(0.05000000000000426)\n",
      "  np.float64(0.09146341463414634)]\n",
      " [None None np.float64(0.05000000000000426)\n",
      "  np.float64(0.3633990030856872)]\n",
      " [None None np.float64(0.05000000000000426)\n",
      "  np.float64(0.6491530289979902)]\n",
      " [None None np.float64(0.05000000000000426)\n",
      "  np.float64(0.7603432424149555)]\n",
      " [60.65 72 None None]\n",
      " [60.65 100 None None]\n",
      " [60.65 19 None None]\n",
      " [60.65 200 None None]\n",
      " [None None np.float64(0.05000000000000426)\n",
      "  np.float64(0.8023219328522121)]\n",
      " [None None np.float64(0.05000000000000426)\n",
      "  np.float64(0.8358092259577795)]\n",
      " [None None np.float64(0.05000000000000426)\n",
      "  np.float64(0.8480829515312274)]\n",
      " [None None np.float64(0.05000000000000426) np.float64(0.855072463768116)]\n",
      " [60.65 284 None None]\n",
      " [60.65 31 None None]\n",
      " [None None np.float64(0.05000000000000426)\n",
      "  np.float64(0.8683966635773864)]\n",
      " [60.65 284 None None]\n",
      " [60.65 284 None None]\n",
      " [None None np.float64(0.05000000000000426)\n",
      "  np.float64(0.8158072506192299)]\n",
      " [60.65 279 None None]\n",
      " [None None np.float64(0.05000000000000426)\n",
      "  np.float64(0.9375300336376742)]\n",
      " [None None np.float64(0.05000000000000426)\n",
      "  np.float64(0.9343765774861181)]\n",
      " [60.65 5 None None]\n",
      " [60.65 125 None None]\n",
      " [None None np.float64(0.05000000000000426)\n",
      "  np.float64(0.8620019436345967)]\n",
      " [60.65 298 None None]\n",
      " [None None np.float64(0.05000000000000426)\n",
      "  np.float64(0.8683568990736226)]\n",
      " [None None np.float64(0.05000000000000426)\n",
      "  np.float64(0.8238933841028082)]\n",
      " [60.65 270 None None]\n",
      " [60.65 100 None None]\n",
      " [None None np.float64(0.05000000000000426)\n",
      "  np.float64(0.8480829515312274)]\n",
      " [None None np.float64(0.05000000000000426)\n",
      "  np.float64(0.7877303475623979)]\n",
      " [None None np.float64(0.05000000000000426)\n",
      "  np.float64(0.8129111842105263)]\n",
      " [60.65 195 None None]\n",
      " [None None np.float64(0.05000000000000426)\n",
      "  np.float64(0.8886271150139217)]\n",
      " [None None np.float64(0.05000000000000426)\n",
      "  np.float64(0.8915763135946623)]\n",
      " [60.65 89 None None]\n",
      " [60.65 31 None None]\n",
      " [60.65 68 None None]\n",
      " [None None np.float64(0.05000000000000426)\n",
      "  np.float64(0.8544562551103843)]\n",
      " [60.65 72 None None]\n",
      " [60.65 284 None None]\n",
      " [None None np.float64(0.05000000000000426)\n",
      "  np.float64(0.8821576763485477)]\n",
      " [60.65 296 None None]\n",
      " [None None np.float64(0.05000000000000426)\n",
      "  np.float64(0.8868552412645591)]\n",
      " [60.65 272 None None]\n",
      " [None None np.float64(0.05000000000000426)\n",
      "  np.float64(0.8821576763485477)]\n",
      " [60.65 282 None None]\n",
      " [60.65 188 None None]\n",
      " [None None np.float64(0.05000000000000426)\n",
      "  np.float64(0.9577039274924471)]\n",
      " [60.65 272 None None]\n",
      " [None None np.float64(0.05000000000000426)\n",
      "  np.float64(0.9526474386569092)]\n",
      " [None None np.float64(0.05000000000000426)\n",
      "  np.float64(0.9586932031543373)]\n",
      " [60.65 110 None None]\n",
      " [None None np.float64(0.05000000000000426)\n",
      "  np.float64(0.8967272727272727)]\n",
      " [60.65 290 None None]\n",
      " [None None np.float64(0.10000000000000142)\n",
      "  np.float64(0.21415270018621974)]\n",
      " [None None np.float64(0.10000000000000142)\n",
      "  np.float64(0.14661274014155712)]\n",
      " [None None np.float64(0.04999999999999716)\n",
      "  np.float64(-0.8448087431693989)]\n",
      " [None None np.float64(0.04999999999999716)\n",
      "  np.float64(-0.8006318006318006)]\n",
      " [60.65 37 None None]\n",
      " [None None np.float64(0.04999999999999716)\n",
      "  np.float64(-0.821981981981982)]\n",
      " [60.65 117 None None]\n",
      " [None None np.float64(0.04999999999999716)\n",
      "  np.float64(-0.8976780794962613)]\n",
      " [None None np.float64(0.10000000000000142)\n",
      "  np.float64(0.27346692782883836)]\n",
      " [None None np.float64(0.04999999999999716)\n",
      "  np.float64(-0.8999211977935382)]\n",
      " [None None np.float64(0.04999999999999716)\n",
      "  np.float64(-0.9075691411935953)]\n",
      " [None None np.float64(0.04999999999999716)\n",
      "  np.float64(-0.6139162561576355)]\n",
      " [None None np.float64(0.04999999999999716)\n",
      "  np.float64(-0.163854351687389)]\n",
      " [None None np.float64(0.04999999999999716)\n",
      "  np.float64(-0.12296227293898462)]\n",
      " [None None np.float64(0.04999999999999716)\n",
      "  np.float64(-0.1306555863342567)]\n",
      " [None None np.float64(0.04999999999999716)\n",
      "  np.float64(-0.1616206589492431)]\n",
      " [None None np.float64(0.04999999999999716)\n",
      "  np.float64(-0.6124845488257108)]\n",
      " [None None np.float64(0.04999999999999716)\n",
      "  np.float64(-0.16943074854325416)]\n",
      " [None None np.float64(0.04999999999999716)\n",
      "  np.float64(-0.15038972948188903)]\n",
      " [None None np.float64(0.04999999999999716)\n",
      "  np.float64(-0.16943074854325416)]\n",
      " [60.6 72 None None]\n",
      " [None None np.float64(0.04999999999999716)\n",
      "  np.float64(-0.15580865603644647)]\n",
      " [60.6 25 None None]\n",
      " [None None np.float64(0.04999999999999716)\n",
      "  np.float64(-0.15097365406643756)]\n",
      " [60.6 127 None None]\n",
      " [None None np.float64(0.04999999999999716)\n",
      "  np.float64(-0.16030162977377768)]\n",
      " [60.6 43 None None]\n",
      " [None None np.float64(0.04999999999999716)\n",
      "  np.float64(-0.15142576204523106)]\n",
      " [None None np.float64(0.04999999999999716)\n",
      "  np.float64(0.45962159667743424)]\n",
      " [None None np.float64(0.04999999999999716)\n",
      "  np.float64(0.4724036945257941)]\n",
      " [None None np.float64(0.04999999999999716)\n",
      "  np.float64(0.5012245767223937)]\n",
      " [60.6 50 None None]\n",
      " [None None np.float64(0.04999999999999716)\n",
      "  np.float64(0.5092602505085109)]\n",
      " [None None np.float64(0.04999999999999716)\n",
      "  np.float64(0.4932740175828832)]\n",
      " [None None np.float64(0.04999999999999716)\n",
      "  np.float64(0.5092602505085109)]\n",
      " [None None np.float64(0.04999999999999716) np.float64(0.48870116156283)]\n",
      " [None None np.float64(0.04999999999999716)\n",
      "  np.float64(-0.02570836212854181)]\n",
      " [None None np.float64(0.04999999999999716)\n",
      "  np.float64(-0.040813464235624125)]\n",
      " [60.6 15 None None]\n",
      " [None None np.float64(0.04999999999999716)\n",
      "  np.float64(-0.039803439803439804)]\n",
      " [60.6 36 None None]\n",
      " [None None np.float64(0.04999999999999716)\n",
      "  np.float64(-0.03737068055457808)]\n",
      " [None None np.float64(0.04999999999999716)\n",
      "  np.float64(-0.0440981200642952)]\n",
      " [None None np.float64(0.04999999999999716)\n",
      "  np.float64(-0.03737068055457808)]\n",
      " [None None np.float64(0.04999999999999716)\n",
      "  np.float64(-0.03012090292822699)]\n",
      " [60.65 160 None None]\n",
      " [None None np.float64(0.04999999999999716)\n",
      "  np.float64(-0.03080992208163557)]\n",
      " [None None np.float64(0.04999999999999716)\n",
      "  np.float64(-0.004878048780487805)]\n",
      " [None None np.float64(0.04999999999999716)\n",
      "  np.float64(0.03674014696058784)]\n",
      " [None None np.float64(0.04999999999999716)\n",
      "  np.float64(0.014843392401752436)]\n",
      " [60.6 1363 None None]\n",
      " [60.6 372 None None]\n",
      " [60.6 208 None None]\n",
      " [60.6 38 None None]\n",
      " [60.6 119 None None]\n",
      " [None None np.float64(0.04999999999999716)\n",
      "  np.float64(0.17638141438641705)]\n",
      " [60.65 50 None None]\n",
      " [None None np.float64(0.04999999999999716)\n",
      "  np.float64(0.17324811686829492)]\n",
      " [None None np.float64(0.04999999999999716)\n",
      "  np.float64(0.17469238948807533)]\n",
      " [None None np.float64(0.04999999999999716)\n",
      "  np.float64(0.18704174771809068)]\n",
      " [60.6 10 None None]\n",
      " [60.6 2481 None None]\n",
      " [None None np.float64(0.04999999999999716)\n",
      "  np.float64(0.4589425287356322)]\n",
      " [60.6 394 None None]\n",
      " [None None np.float64(0.04999999999999716)\n",
      "  np.float64(0.5137868523995802)]\n",
      " [None None np.float64(0.04999999999999716)\n",
      "  np.float64(0.4994802003591343)]\n",
      " [None None np.float64(0.04999999999999716)\n",
      "  np.float64(0.5137868523995802)]\n",
      " [60.6 679 None None]\n",
      " [None None np.float64(0.04999999999999716)\n",
      "  np.float64(0.6186492552540298)]\n",
      " [None None np.float64(0.04999999999999716)\n",
      "  np.float64(0.6207386363636364)]\n",
      " [None None np.float64(0.04999999999999716)\n",
      "  np.float64(0.5964421347191685)]\n",
      " [60.6 100 None None]\n",
      " [None None np.float64(0.04999999999999716)\n",
      "  np.float64(0.6125580456289118)]\n",
      " [60.65 290 None None]\n",
      " [60.65 33 None None]\n",
      " [None None np.float64(0.04999999999999716)\n",
      "  np.float64(0.6552915766738661)]\n",
      " [60.6 100 None None]\n",
      " [None None np.float64(0.04999999999999716)\n",
      "  np.float64(0.6733624454148471)]\n",
      " [60.6 15 None None]\n",
      " [None None np.float64(0.04999999999999716)\n",
      "  np.float64(0.6761071623838163)]\n",
      " [None None np.float64(0.04999999999999716)\n",
      "  np.float64(0.08363379285966772)]\n",
      " [None None np.float64(0.04999999999999716)\n",
      "  np.float64(0.07049121548942273)]]\n",
      "250\n",
      "250\n",
      "250\n",
      "250\n",
      "250\n",
      "250\n",
      "250\n",
      "250\n",
      "[[93.85 257 None None]\n",
      " [93.85 25 None None]\n",
      " [None None np.float64(0.04999999999999716)\n",
      "  np.float64(-0.6344086021505376)]\n",
      " ...\n",
      " [93.9 10 None None]\n",
      " [None None np.float64(0.04999999999999716)\n",
      "  np.float64(0.056421575389708926)]\n",
      " [None None np.float64(0.04999999999999716)\n",
      "  np.float64(0.021202827043605814)]]\n",
      "658\n",
      "658\n",
      "658\n",
      "658\n",
      "658\n",
      "658\n",
      "658\n",
      "658\n",
      "[[None None np.float64(0.05000000000000426)\n",
      "  np.float64(0.0905838763255398)]\n",
      " [53.15 102 None None]\n",
      " [None None np.float64(0.05000000000000426)\n",
      "  np.float64(0.09300800209891119)]\n",
      " ...\n",
      " [None None np.float64(0.05000000000000426)\n",
      "  np.float64(-0.00417839174554447)]\n",
      " [None None np.float64(0.05000000000000426)\n",
      "  np.float64(-0.012598292043628985)]\n",
      " [None None np.float64(0.05000000000000426)\n",
      "  np.float64(0.019912663755458516)]]\n",
      "623\n",
      "623\n",
      "623\n",
      "623\n",
      "623\n",
      "623\n",
      "623\n",
      "623\n",
      "[[None None np.float64(0.04999999999999716)\n",
      "  np.float64(-0.31976516634050883)]\n",
      " [80.9 330 None None]\n",
      " [80.9 392 None None]\n",
      " ...\n",
      " [80.95 7 None None]\n",
      " [80.95 577 None None]\n",
      " [None None np.float64(0.10000000000000853)\n",
      "  np.float64(-0.4745057232049948)]]\n",
      "433\n",
      "433\n",
      "433\n",
      "433\n",
      "433\n",
      "433\n",
      "433\n",
      "433\n",
      "[[None None np.float64(0.04999999999999716)\n",
      "  np.float64(-0.9537953795379538)]\n",
      " [90.85 234 None None]\n",
      " [None None np.float64(0.04999999999999716)\n",
      "  np.float64(-0.9390420899854862)]\n",
      " ...\n",
      " [None None np.float64(0.04999999999999716)\n",
      "  np.float64(-0.701941139636819)]\n",
      " [None None np.float64(0.04999999999999716)\n",
      "  np.float64(-0.737885462555066)]\n",
      " [None None np.float64(0.04999999999999716)\n",
      "  np.float64(-0.976205385097057)]]\n",
      "1003\n",
      "1003\n",
      "1003\n",
      "1003\n",
      "1003\n",
      "1003\n",
      "1003\n",
      "1003\n",
