{
 "cells": [
  {
   "cell_type": "code",
   "execution_count": null,
   "id": "initial_id",
   "metadata": {
    "collapsed": true
   },
   "outputs": [],
   "source": [
    ""
   ]
  },
  {
   "metadata": {
    "ExecuteTime": {
     "end_time": "2025-01-22T12:47:49.227200Z",
     "start_time": "2025-01-22T12:47:48.915056Z"
    }
   },
   "cell_type": "code",
   "source": [
    "from turtledemo.nim import computerzug\n",
    "\n",
    "from src.types import *\n",
    "from src.clustering.likelihood import LikelihoodClustering\n",
    "\n",
    "%load_ext autoreload\n",
    "%autoreload 2"
   ],
   "id": "8259cb3e3fac1026",
   "outputs": [],
   "execution_count": 1
  },
  {
   "metadata": {
    "ExecuteTime": {
     "end_time": "2025-01-22T12:47:50.345522Z",
     "start_time": "2025-01-22T12:47:50.333597Z"
    }
   },
   "cell_type": "code",
   "source": [
    "\n",
    "data_path = os.path.relpath('../FR_2007')\n"
   ],
   "id": "45b08f72d6ac05d6",
   "outputs": [],
   "execution_count": 2
  },
  {
   "metadata": {
    "ExecuteTime": {
     "end_time": "2025-01-22T12:48:10.853804Z",
     "start_time": "2025-01-22T12:47:51.305068Z"
    }
   },
   "cell_type": "code",
   "source": [
    "\n",
    "market = Market.loader('2007/09/01','2007/09/05', data_path)"
   ],
   "id": "e5744697054a0257",
   "outputs": [
    {
     "name": "stderr",
     "output_type": "stream",
     "text": [
      "100%|██████████| 46/46 [00:19<00:00,  2.36it/s]\n"
     ]
    }
   ],
   "execution_count": 3
  },
  {
   "metadata": {
    "ExecuteTime": {
     "end_time": "2025-01-22T12:53:09.547972Z",
     "start_time": "2025-01-22T12:53:04.598062Z"
    }
   },
   "cell_type": "code",
   "source": "periods = market.get_periods(1800)",
   "id": "838eefe0578c3399",
   "outputs": [],
   "execution_count": 11
  },
  {
   "metadata": {
    "ExecuteTime": {
     "end_time": "2025-01-22T12:48:38.597674Z",
     "start_time": "2025-01-22T12:48:38.579746Z"
    }
   },
   "cell_type": "code",
   "source": [
    "x = (periods[2].feature_vector)\n",
    "y = (periods[3].feature_vector)\n",
    "\n",
    "correlation = np.corrcoef(x, y)[0, 1]\n",
    "print(\"Coefficient de corrélation :\", correlation)"
   ],
   "id": "2f450239162ecc1e",
   "outputs": [
    {
     "name": "stdout",
     "output_type": "stream",
     "text": [
      "Coefficient de corrélation : 0.03993013619681148\n"
     ]
    }
   ],
   "execution_count": 7
  },
  {
   "metadata": {
    "ExecuteTime": {
     "end_time": "2025-01-22T12:52:27.236645Z",
     "start_time": "2025-01-22T12:52:26.976766Z"
    }
   },
   "cell_type": "code",
   "source": "market.compute_correlation_matrix_inter(periods)",
   "id": "ba0510b6a2dbec05",
   "outputs": [
    {
     "data": {
      "text/plain": [
       "array([[ 1.00000000e+00,  2.04194325e-02,  4.50432953e-02,\n",
       "        -1.55967980e-02, -2.06072384e-01,  2.79632670e-03,\n",
       "         5.37295221e-03, -4.02591496e-04, -4.30672038e-01,\n",
       "         1.73705717e-02,  1.16398169e-01,  1.07010839e-01,\n",
       "         5.02853248e-02, -8.46479862e-01, -2.03939140e-01,\n",
       "         7.06302048e-02,  5.48926125e-02,  1.86869054e-01,\n",
       "         1.07357106e-01,  6.07829955e-01,  8.56357230e-02,\n",
       "         1.09726512e-02, -4.52032461e-02,  1.03019781e-01,\n",
       "        -1.35770781e-01,  2.62555442e-02, -5.18142224e-02,\n",
       "         8.85493343e-02,  9.72118756e-02, -1.32140346e-02],\n",
       "       [ 2.04194325e-02,  1.00000000e+00,  3.99301362e-02,\n",
       "         7.38870826e-02, -6.24135233e-01,  8.40555687e-02,\n",
       "        -8.34400392e-02,  1.06729855e-01, -4.12306266e-01,\n",
       "        -1.46236327e-01,  1.25534296e-01, -1.96236573e-02,\n",
       "        -8.46906757e-03,  8.39889307e-02,  1.48512432e-02,\n",
       "         9.51834828e-02,  2.32309548e-01,  3.29861679e-03,\n",
       "         7.86405696e-03,  1.81231777e-01,  1.46867748e-01,\n",
       "         6.57632847e-02, -9.31647257e-03, -8.08590799e-02,\n",
       "         7.22301330e-03,  7.54189069e-02, -8.56830260e-03,\n",
       "        -5.12047324e-01,  7.27063947e-02, -4.30070179e-02],\n",
       "       [ 4.50432953e-02,  3.99301362e-02,  1.00000000e+00,\n",
       "         3.63322781e-02, -5.19277129e-01,  1.20596238e-02,\n",
       "         1.26696668e-02,  1.86182672e-01,  4.00006916e-02,\n",
       "         8.07020696e-03,  4.73560094e-02, -6.43593293e-01,\n",
       "        -2.44059218e-02,  1.24340861e-02,  2.48132133e-02,\n",
       "         4.28190336e-02, -4.58550725e-02, -7.78204324e-03,\n",
       "         6.68886840e-02,  5.11957666e-02,  4.89528560e-01,\n",
       "         1.56497439e-03,  5.44981943e-01,  1.68480789e-02,\n",
       "        -1.40481541e-02,  2.08931154e-01,  1.86061814e-01,\n",
       "         2.88131886e-02, -6.61697722e-03, -1.24458142e-01],\n",
       "       [-1.55967980e-02,  7.38870826e-02,  3.63322781e-02,\n",
       "         1.00000000e+00, -1.48589725e-01,  3.32058887e-02,\n",
       "        -3.67015785e-02,  3.38256155e-01,  8.97666133e-02,\n",
       "         5.49542164e-02,  2.07083073e-01,  4.98343395e-02,\n",
       "         5.65623937e-02,  1.21607426e-02,  6.45877392e-03,\n",
       "         3.09898145e-02,  2.54582095e-02, -7.46893944e-01,\n",
       "         6.34646108e-02, -5.13677355e-01,  1.36392828e-01,\n",
       "         9.83420534e-02,  2.74620054e-01, -4.01769920e-02,\n",
       "        -1.69910951e-01, -2.53005574e-01,  6.07457051e-02,\n",
       "         1.68823815e-01,  4.05466502e-02,  6.80470771e-03],\n",
       "       [-2.06072384e-01, -6.24135233e-01, -5.19277129e-01,\n",
       "        -1.48589725e-01,  1.00000000e+00,  8.39043380e-02,\n",
       "        -1.88905419e-01, -4.06532685e-02,  2.80289191e-01,\n",
       "         1.13972104e-01,  2.59632510e-03,  2.79829681e-01,\n",
       "         6.78568518e-02,  1.47277855e-01,  2.32767559e-02,\n",
       "         3.55730984e-02,  7.82627790e-02,  4.69525978e-02,\n",
       "         5.55342372e-02, -2.77433253e-01, -3.95612945e-01,\n",
       "         6.70259175e-02, -1.61320514e-01, -2.23760702e-01,\n",
       "        -9.00154806e-02,  9.01851885e-02, -1.11361184e-01,\n",
       "         4.51182940e-01, -1.97081973e-01,  2.56931243e-01],\n",
       "       [ 2.79632670e-03,  8.40555687e-02,  1.20596238e-02,\n",
       "         3.32058887e-02,  8.39043380e-02,  1.00000000e+00,\n",
       "        -2.02117552e-02, -1.36093188e-02,  2.55256032e-01,\n",
       "         1.76097699e-02,  1.02794326e-01,  6.83489869e-02,\n",
       "        -5.11950269e-02,  3.47467914e-02,  2.78823566e-02,\n",
       "         1.90219762e-01,  6.94384740e-02,  3.02092077e-03,\n",
       "         7.19665541e-03,  3.45952041e-02,  2.87201840e-02,\n",
       "         8.12298883e-01,  1.94081555e-02, -3.68258571e-02,\n",
       "         8.17617670e-02,  7.35415986e-02,  6.26523909e-02,\n",
       "         8.63371074e-03, -3.77759643e-02, -1.60870558e-03],\n",
       "       [ 5.37295221e-03, -8.34400392e-02,  1.26696668e-02,\n",
       "        -3.67015785e-02, -1.88905419e-01, -2.02117552e-02,\n",
       "         1.00000000e+00, -3.23167046e-02,  7.32514504e-02,\n",
       "         7.22042750e-02,  1.67498185e-01, -9.84349896e-02,\n",
       "         1.17286545e-01, -3.76043866e-02, -7.09748525e-02,\n",
       "        -2.96710166e-02, -6.94638916e-02, -3.68721686e-02,\n",
       "        -1.03532887e-01, -8.10936954e-03, -2.11297620e-01,\n",
       "        -2.87755048e-02, -1.07731293e-01,  9.80369252e-01,\n",
       "        -1.78630785e-02, -3.19826592e-01, -5.10243894e-02,\n",
       "        -5.51009301e-02,  1.99552802e-02,  5.80149081e-02],\n",
       "       [-4.02591496e-04,  1.06729855e-01,  1.86182672e-01,\n",
       "         3.38256155e-01, -4.06532685e-02, -1.36093188e-02,\n",
       "        -3.23167046e-02,  1.00000000e+00, -7.67920197e-02,\n",
       "         3.22406006e-02,  1.77381125e-02, -9.30402969e-02,\n",
       "        -7.24161909e-02,  1.93069086e-02,  2.82359709e-02,\n",
       "        -1.76949813e-02,  4.63830104e-01, -4.77082846e-02,\n",
       "         5.91612079e-02, -3.57323053e-02,  3.60381583e-02,\n",
       "         5.83125067e-02,  3.10935171e-01, -3.91980106e-02,\n",
       "        -8.67645872e-02, -2.84617555e-01, -1.77504113e-01,\n",
       "         3.84391648e-01, -4.89968336e-01,  2.92554593e-02],\n",
       "       [-4.30672038e-01, -4.12306266e-01,  4.00006916e-02,\n",
       "         8.97666133e-02,  2.80289191e-01,  2.55256032e-01,\n",
       "         7.32514504e-02, -7.67920197e-02,  1.00000000e+00,\n",
       "         2.71563585e-02,  1.04514262e-01, -5.74900782e-02,\n",
       "         6.58068055e-02,  3.77281924e-01,  1.04235071e-02,\n",
       "         3.76100134e-02, -1.70862437e-01,  2.43934263e-03,\n",
       "        -2.72190956e-01, -3.07599625e-01,  9.63971829e-02,\n",
       "         2.31166845e-01, -2.57469786e-03,  1.62303363e-02,\n",
       "        -5.95241652e-02, -6.53165367e-03,  5.54219536e-02,\n",
       "         3.89913960e-01,  1.54136796e-01,  1.48570288e-01],\n",
       "       [ 1.73705717e-02, -1.46236327e-01,  8.07020696e-03,\n",
       "         5.49542164e-02,  1.13972104e-01,  1.76097699e-02,\n",
       "         7.22042750e-02,  3.22406006e-02,  2.71563585e-02,\n",
       "         1.00000000e+00,  1.54280409e-01,  1.36655662e-01,\n",
       "        -5.30306395e-03,  1.07742956e-02,  5.11428285e-03,\n",
       "         2.44772075e-01, -4.92615546e-03,  6.69115538e-03,\n",
       "         5.76201411e-02, -4.10073572e-02,  3.93072067e-02,\n",
       "        -5.33060247e-03,  1.05117167e-01, -2.11934549e-02,\n",
       "        -1.23946224e-02, -1.35552427e-01,  7.19544832e-02,\n",
       "         2.28346656e-01, -2.81046395e-03,  3.52151524e-04],\n",
       "       [ 1.16398169e-01,  1.25534296e-01,  4.73560094e-02,\n",
       "         2.07083073e-01,  2.59632510e-03,  1.02794326e-01,\n",
       "         1.67498185e-01,  1.77381125e-02,  1.04514262e-01,\n",
       "         1.54280409e-01,  1.00000000e+00, -4.28964868e-03,\n",
       "        -7.71706498e-02, -8.23250246e-03,  2.48967506e-02,\n",
       "         2.33128966e-01,  4.50974117e-01,  1.45852755e-03,\n",
       "         3.13865328e-02,  1.85243808e-02,  9.72149759e-02,\n",
       "        -1.08467640e-01, -1.66282640e-01,  1.46183485e-01,\n",
       "         4.89487234e-02,  9.14932286e-02,  1.98360289e-01,\n",
       "         8.56088436e-02, -1.26941655e-01,  1.58661900e-02],\n",
       "       [ 1.07010839e-01, -1.96236573e-02, -6.43593293e-01,\n",
       "         4.98343395e-02,  2.79829681e-01,  6.83489869e-02,\n",
       "        -9.84349896e-02, -9.30402969e-02, -5.74900782e-02,\n",
       "         1.36655662e-01, -4.28964868e-03,  1.00000000e+00,\n",
       "        -4.89642236e-02, -1.44166794e-01,  1.33403196e-01,\n",
       "        -7.00053957e-02,  3.17359333e-02,  1.87127708e-01,\n",
       "         2.47701150e-01,  4.36802117e-02, -5.72628032e-02,\n",
       "         4.25442731e-02, -1.97608818e-01, -6.56078845e-02,\n",
       "        -1.06650657e-01, -9.06028580e-02,  3.74428498e-02,\n",
       "         1.61256376e-01,  8.38968067e-02,  1.78022061e-01],\n",
       "       [ 5.02853248e-02, -8.46906757e-03, -2.44059218e-02,\n",
       "         5.65623937e-02,  6.78568518e-02, -5.11950269e-02,\n",
       "         1.17286545e-01, -7.24161909e-02,  6.58068055e-02,\n",
       "        -5.30306395e-03, -7.71706498e-02, -4.89642236e-02,\n",
       "         1.00000000e+00,  5.38741706e-02, -6.44334010e-02,\n",
       "        -2.89624923e-02, -7.66916987e-02, -1.05243726e-01,\n",
       "        -1.06206829e-01, -4.72310701e-02, -8.52047829e-02,\n",
       "         1.22824819e-02,  2.36942783e-01,  7.51888619e-02,\n",
       "        -7.95524307e-01,  2.34803052e-02,  6.41915805e-02,\n",
       "         4.95134110e-02,  4.66664922e-02,  7.96709623e-01],\n",
       "       [-8.46479862e-01,  8.39889307e-02,  1.24340861e-02,\n",
       "         1.21607426e-02,  1.47277855e-01,  3.47467914e-02,\n",
       "        -3.76043866e-02,  1.93069086e-02,  3.77281924e-01,\n",
       "         1.07742956e-02, -8.23250246e-03, -1.44166794e-01,\n",
       "         5.38741706e-02,  1.00000000e+00, -8.22866775e-03,\n",
       "         2.72120827e-02,  1.20602743e-02, -3.31341786e-02,\n",
       "         5.29280434e-02, -4.79247269e-01, -5.95450971e-02,\n",
       "         4.44024063e-03,  1.42047539e-01, -1.54530870e-01,\n",
       "         6.60364765e-03, -4.39127754e-03,  5.86521699e-02,\n",
       "        -5.57155763e-02,  3.73661487e-02,  9.00359637e-02],\n",
       "       [-2.03939140e-01,  1.48512432e-02,  2.48132133e-02,\n",
       "         6.45877392e-03,  2.32767559e-02,  2.78823566e-02,\n",
       "        -7.09748525e-02,  2.82359709e-02,  1.04235071e-02,\n",
       "         5.11428285e-03,  2.48967506e-02,  1.33403196e-01,\n",
       "        -6.44334010e-02, -8.22866775e-03,  1.00000000e+00,\n",
       "        -3.91395038e-02, -1.19772383e-01,  9.41952693e-02,\n",
       "         5.23030883e-02, -2.05529803e-02,  2.34070925e-01,\n",
       "         6.70306640e-02,  1.03338345e-01, -8.04223168e-02,\n",
       "         2.67720204e-02,  1.13367373e-01,  1.48231815e-03,\n",
       "         6.27605082e-03,  4.85174521e-02,  1.02253644e-01],\n",
       "       [ 7.06302048e-02,  9.51834828e-02,  4.28190336e-02,\n",
       "         3.09898145e-02,  3.55730984e-02,  1.90219762e-01,\n",
       "        -2.96710166e-02, -1.76949813e-02,  3.76100134e-02,\n",
       "         2.44772075e-01,  2.33128966e-01, -7.00053957e-02,\n",
       "        -2.89624923e-02,  2.72120827e-02, -3.91395038e-02,\n",
       "         1.00000000e+00,  6.62237086e-02,  5.30501501e-02,\n",
       "         6.66128780e-02, -1.31893344e-04,  4.57577566e-02,\n",
       "         3.43325043e-02,  8.54798933e-03, -3.88138371e-02,\n",
       "        -6.11001332e-03, -5.09247440e-04,  1.02286653e-01,\n",
       "         7.15579131e-03,  2.61596055e-02,  3.34652679e-02],\n",
       "       [ 5.48926125e-02,  2.32309548e-01, -4.58550725e-02,\n",
       "         2.54582095e-02,  7.82627790e-02,  6.94384740e-02,\n",
       "        -6.94638916e-02,  4.63830104e-01, -1.70862437e-01,\n",
       "        -4.92615546e-03,  4.50974117e-01,  3.17359333e-02,\n",
       "        -7.66916987e-02,  1.20602743e-02, -1.19772383e-01,\n",
       "         6.62237086e-02,  1.00000000e+00,  1.08481127e-01,\n",
       "         1.00851662e-01,  6.35038715e-02, -1.80444911e-02,\n",
       "         6.64715547e-02, -6.00428730e-02, -8.14749389e-02,\n",
       "        -4.19671597e-02,  3.90851139e-02,  3.69055359e-03,\n",
       "        -7.59060105e-02, -7.65842738e-01, -8.92317742e-03],\n",
       "       [ 1.86869054e-01,  3.29861679e-03, -7.78204324e-03,\n",
       "        -7.46893944e-01,  4.69525978e-02,  3.02092077e-03,\n",
       "        -3.68721686e-02, -4.77082846e-02,  2.43934263e-03,\n",
       "         6.69115538e-03,  1.45852755e-03,  1.87127708e-01,\n",
       "        -1.05243726e-01, -3.31341786e-02,  9.41952693e-02,\n",
       "         5.30501501e-02,  1.08481127e-01,  1.00000000e+00,\n",
       "         1.13213818e-01,  6.87666448e-01,  1.01194314e-01,\n",
       "        -6.24247027e-02, -7.53011296e-02, -2.03634319e-02,\n",
       "         3.40026877e-03,  1.05093485e-01,  9.20288968e-02,\n",
       "         1.25654875e-01, -2.01014971e-02,  9.11908147e-02],\n",
       "       [ 1.07357106e-01,  7.86405696e-03,  6.68886840e-02,\n",
       "         6.34646108e-02,  5.55342372e-02,  7.19665541e-03,\n",
       "        -1.03532887e-01,  5.91612079e-02, -2.72190956e-01,\n",
       "         5.76201411e-02,  3.13865328e-02,  2.47701150e-01,\n",
       "        -1.06206829e-01,  5.29280434e-02,  5.23030883e-02,\n",
       "         6.66128780e-02,  1.00851662e-01,  1.13213818e-01,\n",
       "         1.00000000e+00,  2.52908796e-02,  1.78770143e-01,\n",
       "         3.60311287e-02,  3.60663590e-01, -2.29660232e-02,\n",
       "        -3.25818960e-01,  1.21278391e-01,  2.01679987e-01,\n",
       "         1.19282789e-01, -1.89601688e-02,  2.13278677e-01],\n",
       "       [ 6.07829955e-01,  1.81231777e-01,  5.11957666e-02,\n",
       "        -5.13677355e-01, -2.77433253e-01,  3.45952041e-02,\n",
       "        -8.10936954e-03, -3.57323053e-02, -3.07599625e-01,\n",
       "        -4.10073572e-02,  1.85243808e-02,  4.36802117e-02,\n",
       "        -4.72310701e-02, -4.79247269e-01, -2.05529803e-02,\n",
       "        -1.31893344e-04,  6.35038715e-02,  6.87666448e-01,\n",
       "         2.52908796e-02,  1.00000000e+00,  8.25622082e-02,\n",
       "        -2.39319032e-03, -1.07509154e-01,  5.07472072e-02,\n",
       "         3.42882126e-02, -1.41900498e-01, -4.45856015e-02,\n",
       "        -1.07391991e-01, -5.11122618e-03, -3.99195019e-02],\n",
       "       [ 8.56357230e-02,  1.46867748e-01,  4.89528560e-01,\n",
       "         1.36392828e-01, -3.95612945e-01,  2.87201840e-02,\n",
       "        -2.11297620e-01,  3.60381583e-02,  9.63971829e-02,\n",
       "         3.93072067e-02,  9.72149759e-02, -5.72628032e-02,\n",
       "        -8.52047829e-02, -5.95450971e-02,  2.34070925e-01,\n",
       "         4.57577566e-02, -1.80444911e-02,  1.01194314e-01,\n",
       "         1.78770143e-01,  8.25622082e-02,  1.00000000e+00,\n",
       "         1.26639543e-01,  4.36765314e-01, -1.81365069e-01,\n",
       "        -6.97315666e-02,  1.95158924e-01,  1.16383820e-01,\n",
       "        -8.66151624e-02,  6.81786554e-02, -1.59315973e-01],\n",
       "       [ 1.09726512e-02,  6.57632847e-02,  1.56497439e-03,\n",
       "         9.83420534e-02,  6.70259175e-02,  8.12298883e-01,\n",
       "        -2.87755048e-02,  5.83125067e-02,  2.31166845e-01,\n",
       "        -5.33060247e-03, -1.08467640e-01,  4.25442731e-02,\n",
       "         1.22824819e-02,  4.44024063e-03,  6.70306640e-02,\n",
       "         3.43325043e-02,  6.64715547e-02, -6.24247027e-02,\n",
       "         3.60311287e-02, -2.39319032e-03,  1.26639543e-01,\n",
       "         1.00000000e+00,  7.21824661e-02, -4.33836224e-02,\n",
       "         1.77446863e-02,  3.17460087e-02, -3.18844400e-03,\n",
       "         9.59660315e-03, -4.27040723e-02, -5.44987544e-02],\n",
       "       [-4.52032461e-02, -9.31647257e-03,  5.44981943e-01,\n",
       "         2.74620054e-01, -1.61320514e-01,  1.94081555e-02,\n",
       "        -1.07731293e-01,  3.10935171e-01, -2.57469786e-03,\n",
       "         1.05117167e-01, -1.66282640e-01, -1.97608818e-01,\n",
       "         2.36942783e-01,  1.42047539e-01,  1.03338345e-01,\n",
       "         8.54798933e-03, -6.00428730e-02, -7.53011296e-02,\n",
       "         3.60663590e-01, -1.07509154e-01,  4.36765314e-01,\n",
       "         7.21824661e-02,  1.00000000e+00, -1.14289355e-01,\n",
       "        -4.87796879e-01,  2.21203634e-02,  8.79819492e-03,\n",
       "         1.74276343e-01, -6.71954105e-02,  2.45276326e-01],\n",
       "       [ 1.03019781e-01, -8.08590799e-02,  1.68480789e-02,\n",
       "        -4.01769920e-02, -2.23760702e-01, -3.68258571e-02,\n",
       "         9.80369252e-01, -3.91980106e-02,  1.62303363e-02,\n",
       "        -2.11934549e-02,  1.46183485e-01, -6.56078845e-02,\n",
       "         7.51888619e-02, -1.54530870e-01, -8.04223168e-02,\n",
       "        -3.88138371e-02, -8.14749389e-02, -2.03634319e-02,\n",
       "        -2.29660232e-02,  5.07472072e-02, -1.81365069e-01,\n",
       "        -4.33836224e-02, -1.14289355e-01,  1.00000000e+00,\n",
       "        -2.99521226e-02, -3.07089004e-01, -3.01722212e-02,\n",
       "        -6.05953436e-02,  2.33420176e-02,  5.08887293e-02],\n",
       "       [-1.35770781e-01,  7.22301330e-03, -1.40481541e-02,\n",
       "        -1.69910951e-01, -9.00154806e-02,  8.17617670e-02,\n",
       "        -1.78630785e-02, -8.67645872e-02, -5.95241652e-02,\n",
       "        -1.23946224e-02,  4.89487234e-02, -1.06650657e-01,\n",
       "        -7.95524307e-01,  6.60364765e-03,  2.67720204e-02,\n",
       "        -6.11001332e-03, -4.19671597e-02,  3.40026877e-03,\n",
       "        -3.25818960e-01,  3.42882126e-02, -6.97315666e-02,\n",
       "         1.77446863e-02, -4.87796879e-01, -2.99521226e-02,\n",
       "         1.00000000e+00, -8.06583345e-02, -1.45106221e-01,\n",
       "        -2.56209756e-01,  1.40669972e-02, -8.84826423e-01],\n",
       "       [ 2.62555442e-02,  7.54189069e-02,  2.08931154e-01,\n",
       "        -2.53005574e-01,  9.01851885e-02,  7.35415986e-02,\n",
       "        -3.19826592e-01, -2.84617555e-01, -6.53165367e-03,\n",
       "        -1.35552427e-01,  9.14932286e-02, -9.06028580e-02,\n",
       "         2.34803052e-02, -4.39127754e-03,  1.13367373e-01,\n",
       "        -5.09247440e-04,  3.90851139e-02,  1.05093485e-01,\n",
       "         1.21278391e-01, -1.41900498e-01,  1.95158924e-01,\n",
       "         3.17460087e-02,  2.21203634e-02, -3.07089004e-01,\n",
       "        -8.06583345e-02,  1.00000000e+00,  4.30078064e-03,\n",
       "        -1.36211309e-02,  1.62600599e-01,  1.16423334e-01],\n",
       "       [-5.18142224e-02, -8.56830260e-03,  1.86061814e-01,\n",
       "         6.07457051e-02, -1.11361184e-01,  6.26523909e-02,\n",
       "        -5.10243894e-02, -1.77504113e-01,  5.54219536e-02,\n",
       "         7.19544832e-02,  1.98360289e-01,  3.74428498e-02,\n",
       "         6.41915805e-02,  5.86521699e-02,  1.48231815e-03,\n",
       "         1.02286653e-01,  3.69055359e-03,  9.20288968e-02,\n",
       "         2.01679987e-01, -4.45856015e-02,  1.16383820e-01,\n",
       "        -3.18844400e-03,  8.79819492e-03, -3.01722212e-02,\n",
       "        -1.45106221e-01,  4.30078064e-03,  1.00000000e+00,\n",
       "         1.38852325e-01, -8.66876175e-02,  1.53441486e-01],\n",
       "       [ 8.85493343e-02, -5.12047324e-01,  2.88131886e-02,\n",
       "         1.68823815e-01,  4.51182940e-01,  8.63371074e-03,\n",
       "        -5.51009301e-02,  3.84391648e-01,  3.89913960e-01,\n",
       "         2.28346656e-01,  8.56088436e-02,  1.61256376e-01,\n",
       "         4.95134110e-02, -5.57155763e-02,  6.27605082e-03,\n",
       "         7.15579131e-03, -7.59060105e-02,  1.25654875e-01,\n",
       "         1.19282789e-01, -1.07391991e-01, -8.66151624e-02,\n",
       "         9.59660315e-03,  1.74276343e-01, -6.05953436e-02,\n",
       "        -2.56209756e-01, -1.36211309e-02,  1.38852325e-01,\n",
       "         1.00000000e+00,  6.27849989e-02,  3.20562083e-01],\n",
       "       [ 9.72118756e-02,  7.27063947e-02, -6.61697722e-03,\n",
       "         4.05466502e-02, -1.97081973e-01, -3.77759643e-02,\n",
       "         1.99552802e-02, -4.89968336e-01,  1.54136796e-01,\n",
       "        -2.81046395e-03, -1.26941655e-01,  8.38968067e-02,\n",
       "         4.66664922e-02,  3.73661487e-02,  4.85174521e-02,\n",
       "         2.61596055e-02, -7.65842738e-01, -2.01014971e-02,\n",
       "        -1.89601688e-02, -5.11122618e-03,  6.81786554e-02,\n",
       "        -4.27040723e-02, -6.71954105e-02,  2.33420176e-02,\n",
       "         1.40669972e-02,  1.62600599e-01, -8.66876175e-02,\n",
       "         6.27849989e-02,  1.00000000e+00,  4.20567733e-02],\n",
       "       [-1.32140346e-02, -4.30070179e-02, -1.24458142e-01,\n",
       "         6.80470771e-03,  2.56931243e-01, -1.60870558e-03,\n",
       "         5.80149081e-02,  2.92554593e-02,  1.48570288e-01,\n",
       "         3.52151524e-04,  1.58661900e-02,  1.78022061e-01,\n",
       "         7.96709623e-01,  9.00359637e-02,  1.02253644e-01,\n",
       "         3.34652679e-02, -8.92317742e-03,  9.11908147e-02,\n",
       "         2.13278677e-01, -3.99195019e-02, -1.59315973e-01,\n",
       "        -5.44987544e-02,  2.45276326e-01,  5.08887293e-02,\n",
       "        -8.84826423e-01,  1.16423334e-01,  1.53441486e-01,\n",
       "         3.20562083e-01,  4.20567733e-02,  1.00000000e+00]])"
      ]
     },
     "execution_count": 9,
     "metadata": {},
     "output_type": "execute_result"
    }
   ],
   "execution_count": 9
  },
  {
   "metadata": {
    "ExecuteTime": {
     "end_time": "2025-01-22T12:53:10.786209Z",
     "start_time": "2025-01-22T12:53:10.761423Z"
    }
   },
   "cell_type": "code",
   "source": "market.compute_correlation_matrix_inter(periods)",
   "id": "e6d7862397d720d6",
   "outputs": [
    {
     "data": {
      "text/plain": [
       "array([[ 1.00000000e+00,  2.04194325e-02,  4.50432953e-02,\n",
       "        -1.55967980e-02, -2.06072384e-01,  2.79632670e-03,\n",
       "         5.37295221e-03, -4.02591496e-04, -4.30672038e-01,\n",
       "         1.73705717e-02,  1.16398169e-01,  1.07010839e-01,\n",
       "         5.02853248e-02, -8.46479862e-01, -2.03939140e-01,\n",
       "         7.06302048e-02,  5.48926125e-02,  1.86869054e-01,\n",
       "         1.07357106e-01,  6.07829955e-01,  8.56357230e-02,\n",
       "         1.09726512e-02, -4.52032461e-02,  1.03019781e-01,\n",
       "        -1.35770781e-01,  2.62555442e-02, -5.18142224e-02,\n",
       "         8.85493343e-02,  9.72118756e-02, -1.32140346e-02],\n",
       "       [ 2.04194325e-02,  1.00000000e+00,  3.99301362e-02,\n",
       "         7.38870826e-02, -6.24135233e-01,  8.40555687e-02,\n",
       "        -8.34400392e-02,  1.06729855e-01, -4.12306266e-01,\n",
       "        -1.46236327e-01,  1.25534296e-01, -1.96236573e-02,\n",
       "        -8.46906757e-03,  8.39889307e-02,  1.48512432e-02,\n",
       "         9.51834828e-02,  2.32309548e-01,  3.29861679e-03,\n",
       "         7.86405696e-03,  1.81231777e-01,  1.46867748e-01,\n",
       "         6.57632847e-02, -9.31647257e-03, -8.08590799e-02,\n",
       "         7.22301330e-03,  7.54189069e-02, -8.56830260e-03,\n",
       "        -5.12047324e-01,  7.27063947e-02, -4.30070179e-02],\n",
       "       [ 4.50432953e-02,  3.99301362e-02,  1.00000000e+00,\n",
       "         3.63322781e-02, -5.19277129e-01,  1.20596238e-02,\n",
       "         1.26696668e-02,  1.86182672e-01,  4.00006916e-02,\n",
       "         8.07020696e-03,  4.73560094e-02, -6.43593293e-01,\n",
       "        -2.44059218e-02,  1.24340861e-02,  2.48132133e-02,\n",
       "         4.28190336e-02, -4.58550725e-02, -7.78204324e-03,\n",
       "         6.68886840e-02,  5.11957666e-02,  4.89528560e-01,\n",
       "         1.56497439e-03,  5.44981943e-01,  1.68480789e-02,\n",
       "        -1.40481541e-02,  2.08931154e-01,  1.86061814e-01,\n",
       "         2.88131886e-02, -6.61697722e-03, -1.24458142e-01],\n",
       "       [-1.55967980e-02,  7.38870826e-02,  3.63322781e-02,\n",
       "         1.00000000e+00, -1.48589725e-01,  3.32058887e-02,\n",
       "        -3.67015785e-02,  3.38256155e-01,  8.97666133e-02,\n",
       "         5.49542164e-02,  2.07083073e-01,  4.98343395e-02,\n",
       "         5.65623937e-02,  1.21607426e-02,  6.45877392e-03,\n",
       "         3.09898145e-02,  2.54582095e-02, -7.46893944e-01,\n",
       "         6.34646108e-02, -5.13677355e-01,  1.36392828e-01,\n",
       "         9.83420534e-02,  2.74620054e-01, -4.01769920e-02,\n",
       "        -1.69910951e-01, -2.53005574e-01,  6.07457051e-02,\n",
       "         1.68823815e-01,  4.05466502e-02,  6.80470771e-03],\n",
       "       [-2.06072384e-01, -6.24135233e-01, -5.19277129e-01,\n",
       "        -1.48589725e-01,  1.00000000e+00,  8.39043380e-02,\n",
       "        -1.88905419e-01, -4.06532685e-02,  2.80289191e-01,\n",
       "         1.13972104e-01,  2.59632510e-03,  2.79829681e-01,\n",
       "         6.78568518e-02,  1.47277855e-01,  2.32767559e-02,\n",
       "         3.55730984e-02,  7.82627790e-02,  4.69525978e-02,\n",
       "         5.55342372e-02, -2.77433253e-01, -3.95612945e-01,\n",
       "         6.70259175e-02, -1.61320514e-01, -2.23760702e-01,\n",
       "        -9.00154806e-02,  9.01851885e-02, -1.11361184e-01,\n",
       "         4.51182940e-01, -1.97081973e-01,  2.56931243e-01],\n",
       "       [ 2.79632670e-03,  8.40555687e-02,  1.20596238e-02,\n",
       "         3.32058887e-02,  8.39043380e-02,  1.00000000e+00,\n",
       "        -2.02117552e-02, -1.36093188e-02,  2.55256032e-01,\n",
       "         1.76097699e-02,  1.02794326e-01,  6.83489869e-02,\n",
       "        -5.11950269e-02,  3.47467914e-02,  2.78823566e-02,\n",
       "         1.90219762e-01,  6.94384740e-02,  3.02092077e-03,\n",
       "         7.19665541e-03,  3.45952041e-02,  2.87201840e-02,\n",
       "         8.12298883e-01,  1.94081555e-02, -3.68258571e-02,\n",
       "         8.17617670e-02,  7.35415986e-02,  6.26523909e-02,\n",
       "         8.63371074e-03, -3.77759643e-02, -1.60870558e-03],\n",
       "       [ 5.37295221e-03, -8.34400392e-02,  1.26696668e-02,\n",
       "        -3.67015785e-02, -1.88905419e-01, -2.02117552e-02,\n",
       "         1.00000000e+00, -3.23167046e-02,  7.32514504e-02,\n",
       "         7.22042750e-02,  1.67498185e-01, -9.84349896e-02,\n",
       "         1.17286545e-01, -3.76043866e-02, -7.09748525e-02,\n",
       "        -2.96710166e-02, -6.94638916e-02, -3.68721686e-02,\n",
       "        -1.03532887e-01, -8.10936954e-03, -2.11297620e-01,\n",
       "        -2.87755048e-02, -1.07731293e-01,  9.80369252e-01,\n",
       "        -1.78630785e-02, -3.19826592e-01, -5.10243894e-02,\n",
       "        -5.51009301e-02,  1.99552802e-02,  5.80149081e-02],\n",
       "       [-4.02591496e-04,  1.06729855e-01,  1.86182672e-01,\n",
       "         3.38256155e-01, -4.06532685e-02, -1.36093188e-02,\n",
       "        -3.23167046e-02,  1.00000000e+00, -7.67920197e-02,\n",
       "         3.22406006e-02,  1.77381125e-02, -9.30402969e-02,\n",
       "        -7.24161909e-02,  1.93069086e-02,  2.82359709e-02,\n",
       "        -1.76949813e-02,  4.63830104e-01, -4.77082846e-02,\n",
       "         5.91612079e-02, -3.57323053e-02,  3.60381583e-02,\n",
       "         5.83125067e-02,  3.10935171e-01, -3.91980106e-02,\n",
       "        -8.67645872e-02, -2.84617555e-01, -1.77504113e-01,\n",
       "         3.84391648e-01, -4.89968336e-01,  2.92554593e-02],\n",
       "       [-4.30672038e-01, -4.12306266e-01,  4.00006916e-02,\n",
       "         8.97666133e-02,  2.80289191e-01,  2.55256032e-01,\n",
       "         7.32514504e-02, -7.67920197e-02,  1.00000000e+00,\n",
       "         2.71563585e-02,  1.04514262e-01, -5.74900782e-02,\n",
       "         6.58068055e-02,  3.77281924e-01,  1.04235071e-02,\n",
       "         3.76100134e-02, -1.70862437e-01,  2.43934263e-03,\n",
       "        -2.72190956e-01, -3.07599625e-01,  9.63971829e-02,\n",
       "         2.31166845e-01, -2.57469786e-03,  1.62303363e-02,\n",
       "        -5.95241652e-02, -6.53165367e-03,  5.54219536e-02,\n",
       "         3.89913960e-01,  1.54136796e-01,  1.48570288e-01],\n",
       "       [ 1.73705717e-02, -1.46236327e-01,  8.07020696e-03,\n",
       "         5.49542164e-02,  1.13972104e-01,  1.76097699e-02,\n",
       "         7.22042750e-02,  3.22406006e-02,  2.71563585e-02,\n",
       "         1.00000000e+00,  1.54280409e-01,  1.36655662e-01,\n",
       "        -5.30306395e-03,  1.07742956e-02,  5.11428285e-03,\n",
       "         2.44772075e-01, -4.92615546e-03,  6.69115538e-03,\n",
       "         5.76201411e-02, -4.10073572e-02,  3.93072067e-02,\n",
       "        -5.33060247e-03,  1.05117167e-01, -2.11934549e-02,\n",
       "        -1.23946224e-02, -1.35552427e-01,  7.19544832e-02,\n",
       "         2.28346656e-01, -2.81046395e-03,  3.52151524e-04],\n",
       "       [ 1.16398169e-01,  1.25534296e-01,  4.73560094e-02,\n",
       "         2.07083073e-01,  2.59632510e-03,  1.02794326e-01,\n",
       "         1.67498185e-01,  1.77381125e-02,  1.04514262e-01,\n",
       "         1.54280409e-01,  1.00000000e+00, -4.28964868e-03,\n",
       "        -7.71706498e-02, -8.23250246e-03,  2.48967506e-02,\n",
       "         2.33128966e-01,  4.50974117e-01,  1.45852755e-03,\n",
       "         3.13865328e-02,  1.85243808e-02,  9.72149759e-02,\n",
       "        -1.08467640e-01, -1.66282640e-01,  1.46183485e-01,\n",
       "         4.89487234e-02,  9.14932286e-02,  1.98360289e-01,\n",
       "         8.56088436e-02, -1.26941655e-01,  1.58661900e-02],\n",
       "       [ 1.07010839e-01, -1.96236573e-02, -6.43593293e-01,\n",
       "         4.98343395e-02,  2.79829681e-01,  6.83489869e-02,\n",
       "        -9.84349896e-02, -9.30402969e-02, -5.74900782e-02,\n",
       "         1.36655662e-01, -4.28964868e-03,  1.00000000e+00,\n",
       "        -4.89642236e-02, -1.44166794e-01,  1.33403196e-01,\n",
       "        -7.00053957e-02,  3.17359333e-02,  1.87127708e-01,\n",
       "         2.47701150e-01,  4.36802117e-02, -5.72628032e-02,\n",
       "         4.25442731e-02, -1.97608818e-01, -6.56078845e-02,\n",
       "        -1.06650657e-01, -9.06028580e-02,  3.74428498e-02,\n",
       "         1.61256376e-01,  8.38968067e-02,  1.78022061e-01],\n",
       "       [ 5.02853248e-02, -8.46906757e-03, -2.44059218e-02,\n",
       "         5.65623937e-02,  6.78568518e-02, -5.11950269e-02,\n",
       "         1.17286545e-01, -7.24161909e-02,  6.58068055e-02,\n",
       "        -5.30306395e-03, -7.71706498e-02, -4.89642236e-02,\n",
       "         1.00000000e+00,  5.38741706e-02, -6.44334010e-02,\n",
       "        -2.89624923e-02, -7.66916987e-02, -1.05243726e-01,\n",
       "        -1.06206829e-01, -4.72310701e-02, -8.52047829e-02,\n",
       "         1.22824819e-02,  2.36942783e-01,  7.51888619e-02,\n",
       "        -7.95524307e-01,  2.34803052e-02,  6.41915805e-02,\n",
       "         4.95134110e-02,  4.66664922e-02,  7.96709623e-01],\n",
       "       [-8.46479862e-01,  8.39889307e-02,  1.24340861e-02,\n",
       "         1.21607426e-02,  1.47277855e-01,  3.47467914e-02,\n",
       "        -3.76043866e-02,  1.93069086e-02,  3.77281924e-01,\n",
       "         1.07742956e-02, -8.23250246e-03, -1.44166794e-01,\n",
       "         5.38741706e-02,  1.00000000e+00, -8.22866775e-03,\n",
       "         2.72120827e-02,  1.20602743e-02, -3.31341786e-02,\n",
       "         5.29280434e-02, -4.79247269e-01, -5.95450971e-02,\n",
       "         4.44024063e-03,  1.42047539e-01, -1.54530870e-01,\n",
       "         6.60364765e-03, -4.39127754e-03,  5.86521699e-02,\n",
       "        -5.57155763e-02,  3.73661487e-02,  9.00359637e-02],\n",
       "       [-2.03939140e-01,  1.48512432e-02,  2.48132133e-02,\n",
       "         6.45877392e-03,  2.32767559e-02,  2.78823566e-02,\n",
       "        -7.09748525e-02,  2.82359709e-02,  1.04235071e-02,\n",
       "         5.11428285e-03,  2.48967506e-02,  1.33403196e-01,\n",
       "        -6.44334010e-02, -8.22866775e-03,  1.00000000e+00,\n",
       "        -3.91395038e-02, -1.19772383e-01,  9.41952693e-02,\n",
       "         5.23030883e-02, -2.05529803e-02,  2.34070925e-01,\n",
       "         6.70306640e-02,  1.03338345e-01, -8.04223168e-02,\n",
       "         2.67720204e-02,  1.13367373e-01,  1.48231815e-03,\n",
       "         6.27605082e-03,  4.85174521e-02,  1.02253644e-01],\n",
       "       [ 7.06302048e-02,  9.51834828e-02,  4.28190336e-02,\n",
       "         3.09898145e-02,  3.55730984e-02,  1.90219762e-01,\n",
       "        -2.96710166e-02, -1.76949813e-02,  3.76100134e-02,\n",
       "         2.44772075e-01,  2.33128966e-01, -7.00053957e-02,\n",
       "        -2.89624923e-02,  2.72120827e-02, -3.91395038e-02,\n",
       "         1.00000000e+00,  6.62237086e-02,  5.30501501e-02,\n",
       "         6.66128780e-02, -1.31893344e-04,  4.57577566e-02,\n",
       "         3.43325043e-02,  8.54798933e-03, -3.88138371e-02,\n",
       "        -6.11001332e-03, -5.09247440e-04,  1.02286653e-01,\n",
       "         7.15579131e-03,  2.61596055e-02,  3.34652679e-02],\n",
       "       [ 5.48926125e-02,  2.32309548e-01, -4.58550725e-02,\n",
       "         2.54582095e-02,  7.82627790e-02,  6.94384740e-02,\n",
       "        -6.94638916e-02,  4.63830104e-01, -1.70862437e-01,\n",
       "        -4.92615546e-03,  4.50974117e-01,  3.17359333e-02,\n",
       "        -7.66916987e-02,  1.20602743e-02, -1.19772383e-01,\n",
       "         6.62237086e-02,  1.00000000e+00,  1.08481127e-01,\n",
       "         1.00851662e-01,  6.35038715e-02, -1.80444911e-02,\n",
       "         6.64715547e-02, -6.00428730e-02, -8.14749389e-02,\n",
       "        -4.19671597e-02,  3.90851139e-02,  3.69055359e-03,\n",
       "        -7.59060105e-02, -7.65842738e-01, -8.92317742e-03],\n",
       "       [ 1.86869054e-01,  3.29861679e-03, -7.78204324e-03,\n",
       "        -7.46893944e-01,  4.69525978e-02,  3.02092077e-03,\n",
       "        -3.68721686e-02, -4.77082846e-02,  2.43934263e-03,\n",
       "         6.69115538e-03,  1.45852755e-03,  1.87127708e-01,\n",
       "        -1.05243726e-01, -3.31341786e-02,  9.41952693e-02,\n",
       "         5.30501501e-02,  1.08481127e-01,  1.00000000e+00,\n",
       "         1.13213818e-01,  6.87666448e-01,  1.01194314e-01,\n",
       "        -6.24247027e-02, -7.53011296e-02, -2.03634319e-02,\n",
       "         3.40026877e-03,  1.05093485e-01,  9.20288968e-02,\n",
       "         1.25654875e-01, -2.01014971e-02,  9.11908147e-02],\n",
       "       [ 1.07357106e-01,  7.86405696e-03,  6.68886840e-02,\n",
       "         6.34646108e-02,  5.55342372e-02,  7.19665541e-03,\n",
       "        -1.03532887e-01,  5.91612079e-02, -2.72190956e-01,\n",
       "         5.76201411e-02,  3.13865328e-02,  2.47701150e-01,\n",
       "        -1.06206829e-01,  5.29280434e-02,  5.23030883e-02,\n",
       "         6.66128780e-02,  1.00851662e-01,  1.13213818e-01,\n",
       "         1.00000000e+00,  2.52908796e-02,  1.78770143e-01,\n",
       "         3.60311287e-02,  3.60663590e-01, -2.29660232e-02,\n",
       "        -3.25818960e-01,  1.21278391e-01,  2.01679987e-01,\n",
       "         1.19282789e-01, -1.89601688e-02,  2.13278677e-01],\n",
       "       [ 6.07829955e-01,  1.81231777e-01,  5.11957666e-02,\n",
       "        -5.13677355e-01, -2.77433253e-01,  3.45952041e-02,\n",
       "        -8.10936954e-03, -3.57323053e-02, -3.07599625e-01,\n",
       "        -4.10073572e-02,  1.85243808e-02,  4.36802117e-02,\n",
       "        -4.72310701e-02, -4.79247269e-01, -2.05529803e-02,\n",
       "        -1.31893344e-04,  6.35038715e-02,  6.87666448e-01,\n",
       "         2.52908796e-02,  1.00000000e+00,  8.25622082e-02,\n",
       "        -2.39319032e-03, -1.07509154e-01,  5.07472072e-02,\n",
       "         3.42882126e-02, -1.41900498e-01, -4.45856015e-02,\n",
       "        -1.07391991e-01, -5.11122618e-03, -3.99195019e-02],\n",
       "       [ 8.56357230e-02,  1.46867748e-01,  4.89528560e-01,\n",
       "         1.36392828e-01, -3.95612945e-01,  2.87201840e-02,\n",
       "        -2.11297620e-01,  3.60381583e-02,  9.63971829e-02,\n",
       "         3.93072067e-02,  9.72149759e-02, -5.72628032e-02,\n",
       "        -8.52047829e-02, -5.95450971e-02,  2.34070925e-01,\n",
       "         4.57577566e-02, -1.80444911e-02,  1.01194314e-01,\n",
       "         1.78770143e-01,  8.25622082e-02,  1.00000000e+00,\n",
       "         1.26639543e-01,  4.36765314e-01, -1.81365069e-01,\n",
       "        -6.97315666e-02,  1.95158924e-01,  1.16383820e-01,\n",
       "        -8.66151624e-02,  6.81786554e-02, -1.59315973e-01],\n",
       "       [ 1.09726512e-02,  6.57632847e-02,  1.56497439e-03,\n",
       "         9.83420534e-02,  6.70259175e-02,  8.12298883e-01,\n",
       "        -2.87755048e-02,  5.83125067e-02,  2.31166845e-01,\n",
       "        -5.33060247e-03, -1.08467640e-01,  4.25442731e-02,\n",
       "         1.22824819e-02,  4.44024063e-03,  6.70306640e-02,\n",
       "         3.43325043e-02,  6.64715547e-02, -6.24247027e-02,\n",
       "         3.60311287e-02, -2.39319032e-03,  1.26639543e-01,\n",
